BW	Sex	dpu1a	dpu1b	dca32a	dca32b	dpu16a	dpu16b	dca28a	dca28b	vecr8a	vecr8b	cuu4a	cuu4b
5152	F	168	168	244	248	160	162	216	238	198	202	158	164
5641	F	166	178	246	250	164	172	188	210	192	204	168	170
5642	F	148	170	244	254	160	162	186	208	202	208	168	170
5712	F	172	174	244	248	160	164	198	206	198	202	168	174
5713	F	156	160	244	248	164	166	206	214	198	198	168	174
5714	F	174	178	244	252	162	166	194	228	210	214	168	218
5715	F	154	176	250	254	164	170	190	190	206	206	168	178
5716	F	156	166	246	256	162	164	220	220	202	210	168	168
5717	F	176	176	246	254	160	164	212	222	190	214	168	168
5734	F	168	174	248	248	160	160	186	218	196	198	168	178
5789	F	166	178	242	244	164	164	198	210	204	206	168	168
5817	F	156	158	242	250	168	170	198	204	198	216	162	170
5818	F	148	162	252	254	166	174	192	228	196	202	168	174
5819	F	160	186	244	248	160	164	200	204	206	208	168	202
5821	F	160	184	244	244	164	166	188	222	206	210	168	170
5837	F	178	182	244	246	164	164	198	222	200	202	168	170
5937	F	160	178	242	248	162	164	202	224	206	210	168	168
6080	F	144	180	242	246	160	160	202	210	198	204	170	178
6167	F	154	168	246	248	160	162	190	218	188	216	168	174
6176	F	160	174	240	244	162	164	206	220	198	198	166	168
6192	F	178	180	244	256	160	162	194	230	212	216	166	168
6509	F	170	174	240	246	162	164	200	214	198	218	170	174
6557	F	160	174	242	244	162	166	190	212	198	202	174	188
6562	F	162	166	246	250	162	166	210	222	204	210	164	168
6563	F	160	186	244	256	160	162	214	224	202	206	168	170
6634	F	152	174	246	248	172	174	188	206	202	212	182	200
6639	F	150	164	244	246	164	166	206	208	192	208	168	176
6640	F	146	172	244	246	166	168	192	210	206	212	168	176
6641	F	172	174	244	254	160	162	220	224	202	220	162	174
6642	F	182	184	244	246	164	170	186	218	198	200	168	168
6645	F	144	148	246	250	160	174	208	208	212	214	168	168
6649	F	174	174	242	242	160	164	198	200	198	202	168	168
6746	F	174	176	246	254	160	160	196	224	210	214	168	170
5121	M	162	176	246	248	162	162	188	198	204	216	168	168
5131	M	146	174	248	250	160	164	188	198	200	206	168	168
5138	M	152	152	244	250	160	164	204	222	210	224	168	168
5616	M	152	176	246	248	160	162	210	224	202	214	168	168
5709	M	146	154	244	248	160	162	190	190	188	206	168	174
5710	M	146	170	236	244	162	164	188	212	198	202	168	174
5771	M	170	178	240	254	162	164	202	208	202	210	168	170
5774	M	168	172	240	256	162	166	188	200	192	204	168	170
5781	M	166	178	246	252	164	164	190	224	188	214	168	188
5785	M	164	166	246	252	160	168	208	214	198	212	168	168
5881	M	164	172	240	244	168	168	186	230	202	218	168	170
5882	M	150	172	252	254	164	164	186	202	218	220	168	168
5884	M	174	176	246	262	166	170	212	232	210	214	166	168
5886	M	152	162	252	254	162	168	192	206	188	214	170	170
5893	M	148	182	242	244	162	168	190	232	198	210	168	176
5947	M	178	218	228	242	160	160	186	198	202	212	170	176
6009	M	168	168	240	254	162	162	192	198	202	210	170	176
6077	M	154	162	248	254	160	166	192	220	198	198	162	170
6156	M	174	174	242	252	162	164	194	194	198	198	168	168
6166	M	148	162	246	258	160	164	198	200	198	220	168	172
6168	M	148	164	248	256	164	172	204	230	204	206	168	168
6172	M	152	174	230	254	164	164	188	196	188	200	168	168
6173	M	172	174	242	248	160	162	192	228	196	202	168	170
6174	M	148	170	244	244	162	166	200	202	210	212	182	202
6175	M	144	172	246	262	160	172	180	180	202	202	170	170
6183	M	170	190	248	256	160	164	196	204	198	206	170	174
6184	M	160	182	240	246	160	176	206	220	202	206	168	188
6504	M	148	160	246	248	164	166	190	228	198	220	174	174
6514	M	170	174	242	248	160	162	226	226	198	202	166	182
6633	M	176	178	246	248	172	176	200	224	198	210	168	182
6643	M	148	174	240	264	164	166	206	232	188	216	168	168
6644	M	176	178	242	246	162	168	208	208	198	206	168	176
6652	M	148	174	244	252	162	168	180	206	198	206	170	186
6505	U	174	174	244	254	164	164	196	198	200	202	168	174
6506	U	162	174	248	258	160	164	198	206	202	220	168	168
6507	U	172	174	230	248	164	164	196	206	200	202	168	168
6510	U	154	156	254	256	164	166	220	220	198	202	162	168
6511	U	156	168	256	256	162	164	188	220	192	210	168	170
6512	U	154	156	254	256	164	166	192	220	198	210	168	170
6513	U	154	156	254	256	164	166	192	220	198	202	168	170
6515	U	144	162	246	252	160	168	206	210	188	204	170	178
6516	U	174	180	242	246	160	170	202	212	198	214	166	178
6517	U	144	152	246	250	160	164	202	204	198	224	168	170
6518	U	144	176	242	262	160	166	210	212	204	214	166	178
6520	U	152	156	244	248	160	166	204	214	198	210	168	174
6521	U	152	160	244	244	164	166	206	222	198	224	168	168
6522	U	152	160	244	250	160	166	204	214	198	224	168	168
6527	U	176	178	252	254	160	164	212	224	214	214	168	188
6529	U	144	164	250	252	160	168	208	208	198	212	168	168
6530	U	148	164	246	250	160	174	208	208	212	212	168	168
6531	U	144	166	246	252	160	168	208	208	212	212	168	168
6532	U	144	166	250	252	168	174	208	214	212	214	168	168
6546	U	162	162	228	252	160	166	186	192	196	212	168	176
6547	U	176	180	248	262	160	166	190	206	194	210	168	168
6548	U	162	168	252	254	160	166	224	228	196	220	174	188
6558	U	160	162	246	248	162	166	222	228	198	210	164	174
6559	U	162	192	250	256	166	166	192	222	204	208	164	168
6560	U	160	162	246	250	164	166	190	210	204	220	164	174
6561	U	160	162	248	250	166	166	190	210	210	220	164	164
6564	U	148	160	244	256	160	172	214	214	206	206	168	168
6565	U	168	186	240	256	162	162	192	224	202	202	170	170
6566	U	160	168	254	256	160	162	198	214	202	210	170	170
6567	U	168	186	240	244	160	162	192	224	202	202	170	176
6568	U	170	184	242	244	162	164	222	226	202	210	166	170
6569	U	160	170	242	244	160	164	222	240	198	206	170	182
6570	U	160	174	244	248	160	164	188	240	202	210	170	182
6571	U	154	172	240	248	160	168	218	230	216	218	170	174
6572	U	154	176	246	248	160	162	210	218	188	214	168	168
6573	U	168	172	240	248	160	168	218	230	216	218	168	168
6574	U	154	164	244	246	160	168	218	230	188	202	170	174
6629	U	170	176	240	246	162	162	210	214	202	218	168	174
6630	U	162	174	240	246	162	164	188	200	198	204	168	170
6631	U	174	176	240	246	160	162	210	214	198	202	168	174
6632	U	148	170	240	246	162	162	200	214	198	202	170	182
6635	U	150	174	246	246	160	164	208	222	192	212	168	168
6636	U	150	180	242	246	162	166	190	208	192	198	168	176
6637	U	150	180	244	244	164	168	208	232	192	198	168	168
6638	U	164	174	244	246	160	164	208	222	208	218	168	168
6646	U	160	170	244	248	160	166	202	204	208	212	182	202
6647	U	148	160	244	248	160	166	200	200	208	210	182	202
6648	U	148	186	244	244	160	166	200	202	208	210	202	202
6703	U	164	172	244	256	166	172	192	230	206	212	168	168
6704	U	146	148	246	248	164	168	192	230	206	206	168	168
6705	U	164	172	246	248	164	166	204	210	204	206	168	176
6706	U	148	172	246	248	164	168	204	210	204	206	168	168
6711	U	174	174	244	248	160	160	220	228	196	202	162	168
6712	U	148	174	244	254	162	162	202	220	202	212	162	182
6713	U	172	174	242	244	160	160	192	224	196	202	168	174
6714	U	152	160	244	248	164	166	204	214	198	210	168	174
6715	U	152	156	244	244	164	166	204	214	198	224	168	168
6716	U	152	160	244	244	164	164	204	206	198	224	168	174
6717	U	174	184	240	246	166	170	206	218	188	200	168	168
6718	U	174	184	244	264	164	164	186	232	198	216	168	168
6719	U	174	184	246	264	164	170	186	232	188	200	168	168
6720	U	174	184	246	264	164	170	186	232	188	198	168	168
6721	U	174	174	242	252	162	164	194	198	198	202	168	168
6722	U	174	174	242	252	160	162	194	200	198	202	168	168
6723	U	174	174	242	252	164	164	194	200	198	198	168	168
6724	U	152	180	242	244	160	164	210	222	204	210	168	170
6725	U	144	152	244	246	160	160	202	222	198	210	168	170
6726	U	144	152	246	250	160	160	204	210	198	210	168	170
6727	U	162	180	246	254	160	168	192	202	198	214	178	178
6739	U	162	174	246	248	164	164	198	200	198	198	168	172
6740	U	162	172	248	258	160	164	198	206	198	198	168	174
6741	U	162	172	244	258	160	164	200	206	198	220	168	172
6742	U	148	172	244	258	160	164	198	198	202	220	168	174
6743	U	174	176	246	246	164	164	190	212	188	214	168	168
6744	U	166	176	246	246	164	164	190	222	188	190	168	168
6745	U	146	176	250	254	160	160	188	222	190	206	168	168
6747	U	176	178	240	246	160	164	208	224	202	210	168	170
6748	U	176	178	240	254	160	164	208	224	202	214	168	170
6749	U	170	176	242	254	160	164	196	196	188	214	162	170
6753	U	148	152	252	254	162	166	192	206	188	202	168	170
6754	U	148	174	254	262	166	166	212	228	196	214	168	168
6755	U	162	162	252	254	166	168	192	192	202	214	168	170
6756	U	148	162	252	254	168	174	192	192	202	214	168	170
6760	U	166	176	246	256	162	164	208	220	202	206	168	168
6761	U	166	166	252	256	164	168	214	220	210	212	168	168
6762	U	156	178	246	246	162	162	208	220	202	206	168	176
6763	U	156	166	246	246	162	168	214	220	210	212	168	168
6776	U	150	172	240	244	164	166	188	208	204	208	170	176
6777	U	150	172	240	246	166	166	200	206	192	204	168	170
6778	U	148	150	242	244	162	164	190	208	208	210	176	176
6779	U	148	164	242	246	162	166	190	206	192	210	168	176
6780	U	146	168	246	248	160	162	186	190	188	198	174	178
6781	U	146	168	248	254	160	160	186	190	188	198	168	168
6782	U	154	174	246	248	160	162	190	218	188	196	168	174
6783	U	146	174	248	254	160	160	190	218	188	198	168	168
6785	U	162	192	246	256	162	166	192	222	204	208	168	168
6786	U	162	192	246	250	160	166	192	222	198	210	164	168
6787	U	160	166	246	248	162	166	190	222	210	220	164	174
6788	U	148	162	246	246	162	164	190	222	210	220	168	168
6828	U	162	178	242	252	162	164	206	210	188	204	168	168
6829	U	162	178	244	254	164	168	192	210	204	214	168	168
6830	U	164	168	244	248	160	168	186	190	188	218	168	174
6831	U	154	172	246	248	160	160	190	192	196	216	168	174
6832	U	152	168	244	246	160	162	218	224	188	202	168	168
6833	U	168	170	248	256	160	160	204	218	188	198	168	174
6837	U	152	170	246	254	162	172	188	208	202	202	170	200
6838	U	152	178	246	254	162	172	188	202	202	212	170	182
6839	U	170	174	240	248	164	172	202	206	210	212	168	200
6840	U	148	170	246	246	160	162	200	214	202	218	170	182
6841	U	148	170	246	246	160	164	200	210	198	208	168	170
6842	U	174	176	240	240	162	164	200	210	208	218	174	182
6843	U	174	176	246	246	160	162	200	210	198	208	170	182
6847	U	148	162	250	254	166	174	208	220	198	214	162	168
6848	U	144	154	246	254	160	166	192	208	198	212	168	170
6849	U	144	154	246	248	160	160	192	192	198	212	162	168
6862	U	152	176	246	250	164	164	212	222	190	210	168	168
6863	U	152	176	250	254	160	160	204	224	214	224	168	168
6864	U	166	176	246	246	164	164	222	224	188	214	168	188
6865	U	166	174	242	252	164	166	190	228	188	214	168	168
6866	U	166	178	244	252	162	164	190	228	188	214	168	188
6867	U	156	168	240	242	166	168	198	200	198	204	162	168
6868	U	156	172	250	256	162	170	198	200	198	204	170	170
6869	U	156	172	242	256	162	168	188	198	198	204	170	170
6870	U	156	168	250	256	166	170	200	204	192	198	170	170
6871	U	160	160	240	248	162	176	206	224	202	210	168	188
6872	U	160	178	246	248	160	162	220	224	202	206	168	168
6873	U	178	182	240	248	162	176	220	224	206	210	168	188
6874	U	178	182	242	246	160	162	220	224	202	206	168	168
6875	U	160	176	240	244	160	162	206	212	198	202	168	188
6876	U	174	176	244	246	160	162	190	210	198	202	174	174
6877	U	148	160	240	244	162	162	204	212	202	202	168	188
6878	U	174	178	248	256	162	164	188	194	206	212	168	168
6879	U	146	178	248	256	162	164	188	230	206	216	166	168
6574A	U	146	180	244	248	160	164	188	230	206	212	168	168
