BW	Sex	dpu1a	dpu1b	dca32a	dca32b	dpu16a	dpu16b	dca28a	dca28b	vecr8a	vecr8b	cuu4a	cuu4b
5152	F	168	168	244	248	162	162	216	238	198	202	164	164
5712	F	172	174	244	248	160	164	198	206	198	202	168	174
5821	F	160	184	244	244	164	166	188	222	206	210	168	170
6080	F	144	180	242	246	160	160	202	210	198	204	170	178
6167	F	154	168	246	248	160	162	190	218	188	216	168	174
6192	F	178	180	244	256	160	162	194	230	212	216	166	168
6546	F	162	162	228	252	160	166	186	192	196	212	168	168
6563	F	160	186	244	256	160	162	214	224	202	206	168	170
6746	F	174	176	246	254	160	160	196	224	210	214	168	170
6900	F	184	184	242	244	156	164	204	216	200	214	166	168
6902	F	174	176	250	256	160	162	224	226	198	200	168	174
6908	F	154	174	236	248	160	166	206	222	206	210	174	174
6940	F	148	180	234	248	162	164	204	214	206	210	168	168
7032	F	156	166	244	246	162	168	218	228	198	204	166	170
7036	F	176	178	244	246	160	164	188	192	198	202	172	182
7037	F	154	178	248	248	166	166	180	206	210	214	168	168
7047	F	146	164	236	242	154	160	188	188	210	222	176	176
7048	F	144	172	244	252	160	164	228	232	198	216	162	182
7053	F	148	180	242	254	162	164	214	230	198	210	168	170
7054	F	168	174	240	242	162	166	208	210	202	212	182	182
7057	F	160	162	246	250	160	162	190	234	210	220	168	174
7058	F	160	164	242	244	162	164	190	216	202	208	162	168
7062	F	152	176	242	248	160	166	188	208	198	210	182	182
7072	F	148	174	228	256	160	162	208	208	202	218	168	182
7073	F	144	152	256	258	162	166	188	192	206	208	174	186
7076	F	176	182	242	244	162	166	226	234	202	210	168	188
7077	F	158	158	242	254	160	162	190	208	196	198	168	170
7122	F	176	178	248	252	160	162	198	224	208	210	168	170
7123	F	154	162	228	246	160	166	190	190	210	216	168	168
7124	F	168	182	242	250	166	170	192	230	192	216	168	192
7125	F	160	174	240	240	160	160	208	228	202	208	170	188
7178	F	164	166	228	250	160	162	186	218	206	210	168	174
7185	F	178	178	228	254	160	166	192	222	208	210	168	168
7189	F	176	176	246	248	166	166	208	220	202	202	166	166
7192	F	166	170	244	248	166	168	206	208	210	210	170	174
7197	F	162	162	244	246	160	164	210	224	196	204	168	168
7198	F	176	178	246	262	162	164	188	188	208	214	170	194
7202	F	156	160	236	242	156	160	190	196	208	210	168	200
7215	F	156	184	244	254	160	164	192	206	202	210	170	174
7216	F	154	168	228	242	164	164	192	222	198	202	168	170
7297	F	160	176	248	256	160	162	192	222	216	218	168	188
7356	F	154	154	244	244	162	162	192	232	202	212	168	176
5121	M	162	176	246	248	162	162	188	198	204	216	168	168
5532	M	146	176	240	246	160	162	210	214	204	210	168	182
5616	M	152	176	246	248	160	162	210	224	202	214	168	168
5947	M	178	218	228	242	160	160	186	198	202	212	170	176
6077	M	154	162	248	254	160	166	192	220	198	198	162	170
6881	M	158	170	250	254	160	164	210	228	198	210	168	170
6882	M	164	164	246	250	166	168	222	222	210	220	184	184
6883	M	152	180	248	250	164	166	208	212	188	214	168	174
6884	M	178	192	246	250	162	164	188	220	208	220	168	182
6885	M	162	180	244	244	164	166	192	226	202	216	168	168
6886	M	148	156	244	246	160	164	188	218	198	220	166	170
6887	M	160	162	248	252	160	162	204	228	198	204	168	170
6888	M	144	174	242	242	160	164	220	232	210	212	170	170
6889	M	170	176	250	254	160	166	206	206	198	198	174	188
6892	M	156	176	236	240	162	166	188	226	202	216	170	182
6893	M	166	182	246	254	160	164	198	206	210	212	162	162
6894	M	156	180	250	250	160	164	204	232	204	210	162	182
6895	M	174	176	240	240	164	166	210	226	188	198	166	168
6896	M	152	160	244	258	160	168	214	218	198	212	166	198
6899	M	152	168	236	258	160	172	188	216	192	218	168	174
6932	M	154	174	248	252	162	176	202	220	198	218	174	184
6933	M	144	176	248	250	160	166	208	218	210	214	168	184
6934	M	152	174	248	254	160	164	180	214	202	214	164	168
6935	M	174	214	250	250	164	166	206	222	202	204	170	170
6937	M	148	190	242	244	160	164	202	220	210	216	170	182
6938	M	144	180	242	244	160	164	186	230	200	210	172	182
6939	M	166	170	248	248	158	160	192	192	198	208	174	202
6941	M	160	176	242	250	162	164	206	208	188	230	182	182
6942	M	154	176	246	248	160	164	208	208	198	200	168	184
6943	M	162	170	244	246	160	162	214	218	188	210	168	168
6944	M	162	188	240	250	164	164	192	204	192	214	172	182
6962	M	168	174	242	244	160	160	204	218	188	208	168	182
6963	M	162	176	244	248	166	174	192	206	198	218	168	168
6964	M	168	182	246	248	164	166	188	230	202	210	170	174
6965	M	150	176	242	242	164	166	218	230	194	198	168	170
6967	M	170	172	242	254	160	160	200	212	188	214	168	188
6968	M	150	150	236	240	164	166	188	212	198	206	192	192
6971	M	148	172	246	254	160	162	192	192	206	210	168	168
6972	M	164	170	248	250	162	164	200	222	206	210	168	184
6973	M	170	174	246	246	160	174	180	216	210	210	162	166
6974	M	154	168	242	248	166	172	220	230	202	208	168	168
6975	M	176	184	252	252	170	172	222	224	188	208	182	182
6976	M	168	174	244	248	160	160	208	220	204	206	168	210
6978	M	154	174	248	250	164	168	186	218	192	210	168	188
6979	M	148	188	238	256	162	164	188	214	192	210	168	176
6980	M	176	184	240	250	164	164	204	206	200	202	178	184
6981	M	150	154	236	250	160	162	206	206	210	216	168	168
6982	M	160	170	248	262	164	164	226	236	196	210	170	182
6983	M	158	178	254	258	166	172	188	208	198	218	168	168
6984	M	176	182	242	244	160	164	184	202	206	210	168	176
6985	M	166	166	246	248	158	162	210	228	200	216	166	172
6986	M	152	164	242	246	160	164	188	208	198	216	184	184
6987	M	164	174	246	246	162	164	188	206	206	208	168	170
7028	M	146	146	244	246	160	160	188	214	194	204	168	168
7030	M	152	184	246	248	160	162	216	218	202	212	170	188
7031	M	148	176	242	246	160	164	190	226	200	202	168	170
7033	M	150	176	246	248	160	162	204	212	208	212	168	182
7044	M	184	184	244	256	160	164	180	194	210	214	168	170
7045	M	168	174	244	252	160	164	198	220	198	202	168	168
7059	M	172	184	240	242	160	166	204	232	200	204	168	188
7061	M	174	178	244	248	162	164	198	218	188	194	162	168
7074	M	162	174	240	242	160	160	180	206	198	210	168	168
7075	M	172	174	242	250	164	164	208	220	198	208	174	188
7094	M	144	166	240	248	160	162	188	196	198	202	168	176
6815	U	162	178	248	254	166	166	192	206	198	210	162	168
6816	U	154	154	248	248	160	166	180	192	198	214	162	168
6817	U	154	178	248	254	166	166	206	220	198	214	168	170
6818	U	162	178	248	248	160	166	180	220	198	214	162	168
6992	U	174	180	246	246	160	160	210	214	204	204	168	170
6993	U	144	144	244	246	160	160	188	210	194	204	168	170
6994	U	146	180	242	244	160	160	202	214	198	204	170	170
6995	U	144	144	246	246	160	160	188	210	198	204	170	170
7063	U	168	174	248	250	162	164	186	190	192	216	174	188
7064	U	168	174	248	250	160	164	186	190	192	216	168	174
7065	U	154	166	246	252	162	164	208	218	198	216	168	182
7066	U	166	168	246	252	160	164	218	234	198	216	168	182
7067	U	174	174	244	246	162	166	236	238	198	210	164	168
7069	U	168	170	246	248	162	166	236	238	202	210	164	170
7070	U	176	176	240	248	162	166	210	238	198	198	164	168
7095	U	156	160	244	250	162	168	218	234	204	210	170	174
7096	U	160	160	244	246	160	162	190	228	204	210	166	174
7097	U	160	160	244	246	160	162	218	234	198	220	166	174
7098	U	162	162	244	250	160	162	218	234	204	210	166	174
7103	U	144	184	252	252	164	172	222	228	188	198	182	182
7104	U	144	176	244	252	160	170	222	232	198	208	182	182
7105	U	144	184	244	252	164	172	222	228	188	216	182	182
7106	U	172	184	244	252	160	172	222	232	208	216	162	182
7107	U	172	176	240	242	164	168	208	230	190	194	170	174
7108	U	172	176	242	246	164	166	208	218	198	220	170	170
7109	U	148	150	242	246	166	166	208	230	190	198	168	174
7110	U	172	176	242	246	166	168	208	230	190	198	170	174
7111	U	148	158	240	242	162	162	208	214	198	202	168	170
7112	U	148	158	240	242	160	162	208	210	198	208	168	170
7113	U	176	176	242	246	160	162	190	214	198	208	168	170
7114	U	148	148	242	246	160	162	208	210	196	202	170	182
7115	U	162	174	236	244	160	160	192	206	206	216	168	174
7116	U	162	174	236	244	166	166	192	222	210	216	174	174
7117	U	154	180	236	244	160	166	222	226	210	216	168	174
7118	U	146	162	242	246	160	162	188	218	210	210	168	176
7119	U	162	164	242	246	160	162	188	218	210	222	168	176
7120	U	164	170	242	246	160	160	188	214	210	222	168	176
7121	U	146	170	236	244	160	162	188	214	210	210	168	176
7163	U	164	188	240	244	164	164	190	192	202	214	162	172
7164	U	160	188	240	244	164	164	192	216	192	208	162	172
7165	U	162	164	242	250	162	164	190	204	192	202	168	182
7186	U	174	180	242	244	160	160	210	214	194	204	178	178
7187	U	146	146	244	246	160	160	202	214	198	204	168	170
7188	U	152	180	242	248	160	164	180	210	198	202	168	170
7190	U	144	176	244	248	164	166	186	220	200	202	166	182
7193	U	152	178	244	262	160	162	188	214	198	208	170	198
7194	U	152	176	244	246	160	164	188	214	198	208	166	194
7195	U	152	176	244	262	160	162	188	218	212	214	166	170
7196	U	160	176	244	246	160	164	188	214	198	208	166	194
7200	U	176	176	242	246	162	166	186	234	202	204	168	176
7201	U	182	188	242	250	162	164	192	226	210	214	182	188
7209	U	152	154	246	248	160	162	190	210	210	214	168	168
7210	U	152	162	228	246	160	166	190	210	214	216	168	168
7211	U	174	182	242	250	160	170	192	218	188	216	168	192
7213	U	174	182	242	242	160	166	192	204	208	216	168	182
7214	U	176	182	250	252	170	172	222	230	192	208	182	192
7221	U	152	164	228	236	162	172	216	218	206	218	168	174
7222	U	152	164	228	258	160	162	186	216	192	210	168	174
7223	U	152	164	250	258	160	162	186	216	192	210	168	174
7224	U	160	176	242	244	162	164	192	206	188	198	182	182
7225	U	176	176	244	248	160	162	192	204	202	212	168	172
7226	U	150	176	246	246	162	164	192	212	202	212	168	172
7227	U	176	176	246	246	160	162	192	212	202	212	182	182
7282	U	162	218	242	244	160	160	186	224	196	202	168	170
7284	U	162	178	228	246	160	164	198	224	202	204	168	176
7285	U	154	162	236	246	162	164	206	210	196	210	168	168
7286	U	176	178	236	254	160	166	192	226	210	216	168	182
7287	U	176	178	236	254	166	166	222	226	202	210	168	170
7288	U	156	178	240	254	160	162	192	226	202	210	168	170
7289	U	154	154	246	248	160	168	186	190	192	216	168	174
7290	U	154	174	246	250	162	164	190	218	210	216	168	168
7291	U	168	174	246	248	162	168	218	218	188	210	168	168
7292	U	154	154	246	248	162	164	186	190	210	216	168	174
7293	U	168	176	248	252	162	164	192	198	202	216	168	168
7294	U	160	174	248	252	162	164	220	222	198	218	168	168
7295	U	174	176	252	256	160	164	220	222	202	216	168	188
7296	U	144	154	228	248	160	164	208	222	198	210	168	168
7298	U	144	154	228	248	160	164	192	208	198	214	168	170
7306	U	160	168	240	248	160	160	220	228	202	206	170	210
7315	U	160	168	240	244	160	160	220	228	206	208	170	210
7316	U	174	174	240	244	160	160	208	208	204	208	170	210
7317	U	160	168	240	248	160	160	208	208	202	204	168	188
7319	U	148	158	240	242	162	162	208	210	196	208	168	168
7320	U	152	176	240	242	162	162	190	214	196	202	168	174
7321	U	148	158	240	254	160	162	190	214	196	202	168	170
7331	U	152	180	242	250	162	166	212	214	210	214	168	174
7332	U	152	180	242	248	164	166	212	214	210	214	168	174
7334	U	148	180	242	250	162	164	208	214	198	214	168	168
7335	U	168	170	240	254	160	166	208	210	198	202	182	182
7336	U	158	168	242	250	162	164	208	210	210	212	182	182
7337	U	170	174	240	254	160	166	208	228	198	212	182	182
7342	U	176	178	250	256	160	162	188	226	200	220	174	182
7343	U	174	192	246	250	162	164	188	224	200	220	174	182
7344	U	174	192	250	250	162	162	220	224	198	208	168	182
7347	U	148	148	244	246	160	162	214	216	198	202	168	168
7348	U	148	168	240	244	162	162	214	216	200	202	164	168
7349	U	148	148	240	248	162	162	210	216	198	202	182	182
7353	U	162	162	244	252	160	162	192	204	198	212	168	176
7354	U	152	152	244	246	160	162	192	224	202	212	168	168
7355	U	176	176	244	248	162	162	224	232	202	214	168	176
7392	U	160	184	244	248	160	164	192	226	196	202	174	182
7394	U	160	184	244	248	160	164	206	226	196	202	170	174
7395	U	148	156	236	238	156	164	196	214	192	210	168	200
7396	U	148	156	236	238	156	164	188	190	192	208	168	176
7397	U	156	188	242	256	160	162	188	190	208	210	168	200
7398	U	148	160	242	256	160	162	188	196	210	210	168	200
7207a	U	174	180	242	244	160	160	192	198	198	216	168	168
7207b	U	154	176	246	248	160	162	190	224	210	214	168	168
